4294967278,24
4294967278,23
4294967278,22
4294967279,288
4294967278,28
4294967278,27
4294967278,26
4294967278,25
4294967279,269
4294967278,40
4294967278,39
4294967278,38
4294967278,37
4294967278,36
4294967278,35
4294967278,34
4294967278,33
4294967278,32
4294967278,31
4294967278,30
4294967278,29
4294967279,268
4294967294,1217
4294967279,292
4294967279,291
35,4
4294967279,265
4294967279,263
4294967279,283
4294967279,393
4294967278,374
4294967279,436
4294967279,281
4294967279,278
4294967278,332
4294967279,435
4294967278,373
4294967279,434
35,5
4294967279,433
4294967278,372
4294967279,432
35,3
35,2
35,1
4294967279,431
4294967278,371
34,4
4294967278,329
4294967278,370
4294967278,52
4294967278,51
4294967278,50
4294967278,49
4294967278,48
4294967278,47
4294967278,46
4294967278,45
4294967278,44
4294967278,43
4294967278,42
4294967278,41
4294967279,62
4294967279,61
4294967279,60
4294967279,430
4294967278,369
4294967279,429
4294967294,396
4294967294,399
4294967294,187
4294967294,419
4294967294,405
4294967294,1244
4294967294,385
4294967294,1246
4294967294,423
4294967294,596
4294967294,418
4294967294,1078
4294967294,406
4294967294,119
4294967294,456
4294967278,368
4294967279,428
4294967278,250
4294967278,248
4294967278,247
34,5
4294967278,243
4294967278,245
34,3
34,2
34,1
4294967278,244
33,4
4294967278,367
4294967278,326
4294967294,472
4294967294,469
4294967278,234
4294967278,231
4294967278,229
33,5
4294967278,227
33,3
33,2
33,1
4294967278,225
32,4
4294967278,221
4294967278,222
4294967278,218
4294967278,216
4294967279,427
4294967278,366
4294967278,212
4294967278,211
32,5
4294967278,209
4294967278,210
32,3
32,2
32,1
4294967278,365
4294967279,58
4294967279,57
4294967279,54
4294967279,53
4294967279,52
4294967279,50
4294967279,47
4294967279,45
4294967279,44
4294967279,43
4294967279,40
4294967279,39
4294967279,38
4294967279,426
4294967294,1072
4294967294,186
4294967278,364
4294967279,425
4294967294,387
4294967294,388
4294967278,363
4294967279,424
4294967278,362
4294967278,203
4294967278,202
31,5
4294967278,200
4294967278,201
31,3
31,2
31,1
4294967278,319
4294967278,318
4294967279,423
4294967278,317
4294967279,422
4294967278,361
4294967279,421
4294967278,360
4294967278,194
4294967278,195
4294967278,316
4294967279,420
4294967278,359
4294967279,419
4294967294,89
4294967278,192
4294967278,191
4294967279,36
4294967279,34
4294967279,31
4294967279,30
4294967278,358
4294967279,418
4294967278,357
4294967278,187
4294967278,188
4294967278,315
4294967279,417
4294967278,356
4294967279,416
4294967278,185
4294967279,415
4294967278,184
4294967278,313
4294967279,414
4294967279,28
4294967279,27
4294967279,26
4294967279,25
4294967278,182
4294967278,311
4294967278,310
4294967278,309
4294967278,308
4294967279,22
4294967279,20
4294967279,18
4294967279,17
4294967279,16
4294967279,15
4294967279,14
4294967279,12
4294967294,1067
4294967278,307
4294967294,392
4294967294,393
4294967294,46
4294967294,389
4294967294,115
4294967294,114
4294967294,1086
4294967278,176
4294967294,29
4294967278,343
4294967279,413
4294967278,306
4294967278,355
4294967279,10
4294967278,342
4294967278,171
4294967279,172
4294967278,170
4294967279,412
4294967278,167
4294967279,167
4294967279,411
4294967279,410
26,4
26,3
26,2
26,1
4294967294,44
4294967294,41
4294967294,424
4294967294,43
25,4
25,3
25,2
25,1
4294967294,428
4294967294,436
4294967294,2
4294967294,120
4294967294,76
4294967294,52
4294967294,51
4294967279,159
24,8
24,7
24,6
24,5
4294967279,156
24,4
24,3
24,2
24,1
4294967278,354
4294967294,36
4294967294,39
4294967294,82
23,4
23,3
23,2
23,1
4294967294,1
4294967279,152
4294967294,83
4294967294,84
22,4
22,3
22,2
22,1
4294967278,353
4294967279,150
4294967294,87
4294967294,86
4294967294,91
4294967294,90
4294967279,409
4294967279,260
4294967278,352
4294967279,147
4294967279,301
4294967294,0
4294967294,390
4294967294,5
4294967294,411
4294967279,408
4294967279,88
4294967279,0
4294967278,351
4294967278,0
4294967294,6
4294967294,12
4294967294,470
4294967294,81
4294967294,61
4294967278,132
4294967278,131
4294967278,130
4294967278,129
4294967278,128
4294967278,127
4294967278,126
4294967278,125
4294967278,124
4294967278,123
4294967278,122
4294967278,121
4294967278,120
4294967278,119
4294967278,118
